# Author: CJBurke Date: 02/27/2017
# Format: %7.4f %6.4f %7.5f
# Description:
#  This is a tabulated DE module for the Rstar dependence
#   as described in 
#    Burke, C.J. & Catanzarite, J. 2017, "Planet Detection Metrics: 
#       Per-Target Detection Contours for Data Release 25",
#	 KSCI-19111-001
# Column Description
# 1- MES
# 2- Rstar [Rsun]
# 3- Detection Efficiency 
 3.5000 0.1523 0.00000
 3.5000 0.2568 0.00000
 3.5000 0.3614 0.00000
 3.5000 0.4659 0.00000
 3.5000 0.5705 0.00000
 3.5000 0.6750 0.00000
 3.5000 0.7795 0.00000
 3.5000 0.8841 0.00000
 3.5000 0.9886 0.00000
 3.5000 1.0932 0.00000
 3.5000 1.1977 0.00000
 4.5000 0.1523 0.00000
 4.5000 0.2568 0.00000
 4.5000 0.3614 0.00000
 4.5000 0.4659 0.00000
 4.5000 0.5705 0.00000
 4.5000 0.6750 0.00000
 4.5000 0.7795 0.00000
 4.5000 0.8841 0.00000
 4.5000 0.9886 0.00000
 4.5000 1.0932 0.00000
 4.5000 1.1977 0.00000
 5.5000 0.1523 0.00000
 5.5000 0.2568 0.01429
 5.5000 0.3614 0.01538
 5.5000 0.4659 0.01667
 5.5000 0.5705 0.01613
 5.5000 0.6750 0.01695
 5.5000 0.7795 0.01786
 5.5000 0.8841 0.01887
 5.5000 0.9886 0.02083
 5.5000 1.0932 0.01961
 5.5000 1.1977 0.02000
 6.5000 0.1523 0.08167
 6.5000 0.2568 0.08931
 6.5000 0.3614 0.09524
 6.5000 0.4659 0.10000
 6.5000 0.5705 0.10169
 6.5000 0.6750 0.10714
 6.5000 0.7795 0.11628
 6.5000 0.8841 0.12500
 6.5000 0.9886 0.13333
 6.5000 1.0932 0.13636
 6.5000 1.1977 0.13636
 7.5000 0.1523 0.22536
 7.5000 0.2568 0.28571
 7.5000 0.3614 0.30952
 7.5000 0.4659 0.33333
 7.5000 0.5705 0.31818
 7.5000 0.6750 0.32609
 7.5000 0.7795 0.34694
 7.5000 0.8841 0.36842
 7.5000 0.9886 0.38235
 7.5000 1.0932 0.39024
 7.5000 1.1977 0.38889
 8.5000 0.1523 0.47187
 8.5000 0.2568 0.52632
 8.5000 0.3614 0.57143
 8.5000 0.4659 0.61168
 8.5000 0.5705 0.60000
 8.5000 0.6750 0.61224
 8.5000 0.7795 0.63636
 8.5000 0.8841 0.65789
 8.5000 0.9886 0.66667
 8.5000 1.0932 0.67962
 8.5000 1.1977 0.67742
 9.5000 0.1523 0.69849
 9.5000 0.2568 0.75305
 9.5000 0.3614 0.79070
 9.5000 0.4659 0.82288
 9.5000 0.5705 0.82478
 9.5000 0.6750 0.82353
 9.5000 0.7795 0.84444
 9.5000 0.8841 0.85714
 9.5000 0.9886 0.86842
 9.5000 1.0932 0.86957
 9.5000 1.1977 0.87500
10.5000 0.1523 0.79327
10.5000 0.2568 0.87987
10.5000 0.3614 0.90000
10.5000 0.4659 0.92593
10.5000 0.5705 0.92308
10.5000 0.6750 0.92857
10.5000 0.7795 0.93939
10.5000 0.8841 0.94444
10.5000 0.9886 0.95000
10.5000 1.0932 0.95833
10.5000 1.1977 0.96296
11.5000 0.1523 0.86748
11.5000 0.2568 0.91946
11.5000 0.3614 0.94444
11.5000 0.4659 0.96296
11.5000 0.5705 0.96552
11.5000 0.6750 0.96774
11.5000 0.7795 0.97059
11.5000 0.8841 0.97297
11.5000 0.9886 1.00000
11.5000 1.0932 1.00000
11.5000 1.1977 1.00000
12.5000 0.1523 0.91751
12.5000 0.2568 0.95553
12.5000 0.3614 0.96552
12.5000 0.4659 0.97436
12.5000 0.5705 1.00000
12.5000 0.6750 1.00000
12.5000 0.7795 1.00000
12.5000 0.8841 1.00000
12.5000 0.9886 1.00000
12.5000 1.0932 1.00000
12.5000 1.1977 1.00000
13.5000 0.1523 0.91288
13.5000 0.2568 0.96154
13.5000 0.3614 0.96970
13.5000 0.4659 1.00000
13.5000 0.5705 1.00000
13.5000 0.6750 1.00000
13.5000 0.7795 1.00000
13.5000 0.8841 1.00000
13.5000 0.9886 1.00000
13.5000 1.0932 1.00000
13.5000 1.1977 1.00000
14.5000 0.1523 0.92262
14.5000 0.2568 0.96154
14.5000 0.3614 1.00000
14.5000 0.4659 1.00000
14.5000 0.5705 1.00000
14.5000 0.6750 1.00000
14.5000 0.7795 1.00000
14.5000 0.8841 1.00000
14.5000 0.9886 1.00000
14.5000 1.0932 1.00000
14.5000 1.1977 1.00000
15.5000 0.1523 0.95346
15.5000 0.2568 1.00000
15.5000 0.3614 1.00000
15.5000 0.4659 1.00000
15.5000 0.5705 1.00000
15.5000 0.6750 1.00000
15.5000 0.7795 1.00000
15.5000 0.8841 1.00000
15.5000 0.9886 1.00000
15.5000 1.0932 1.00000
15.5000 1.1977 1.00000
16.5000 0.1523 0.95000
16.5000 0.2568 0.96154
16.5000 0.3614 1.00000
16.5000 0.4659 1.00000
16.5000 0.5705 1.00000
16.5000 0.6750 1.00000
16.5000 0.7795 1.00000
16.5000 0.8841 1.00000
16.5000 0.9886 1.00000
16.5000 1.0932 1.00000
16.5000 1.1977 1.00000
17.5000 0.1523 0.94987
17.5000 0.2568 0.96296
17.5000 0.3614 1.00000
17.5000 0.4659 1.00000
17.5000 0.5705 1.00000
17.5000 0.6750 1.00000
17.5000 0.7795 1.00000
17.5000 0.8841 1.00000
17.5000 0.9886 1.00000
17.5000 1.0932 1.00000
17.5000 1.1977 1.00000
18.5000 0.1523 0.95000
18.5000 0.2568 1.00000
18.5000 0.3614 1.00000
18.5000 0.4659 1.00000
18.5000 0.5705 1.00000
18.5000 0.6750 1.00000
18.5000 0.7795 1.00000
18.5000 0.8841 1.00000
18.5000 0.9886 1.00000
18.5000 1.0932 1.00000
18.5000 1.1977 1.00000
19.5000 0.1523 0.94281
19.5000 0.2568 1.00000
19.5000 0.3614 1.00000
19.5000 0.4659 1.00000
19.5000 0.5705 1.00000
19.5000 0.6750 1.00000
19.5000 0.7795 1.00000
19.5000 0.8841 1.00000
19.5000 0.9886 1.00000
19.5000 1.0932 1.00000
19.5000 1.1977 1.00000
20.5000 0.1523 0.94737
20.5000 0.2568 1.00000
20.5000 0.3614 1.00000
20.5000 0.4659 1.00000
20.5000 0.5705 1.00000
20.5000 0.6750 1.00000
20.5000 0.7795 1.00000
20.5000 0.8841 1.00000
20.5000 0.9886 1.00000
20.5000 1.0932 1.00000
20.5000 1.1977 1.00000
21.5000 0.1523 0.94097
21.5000 0.2568 1.00000
21.5000 0.3614 1.00000
21.5000 0.4659 1.00000
21.5000 0.5705 1.00000
21.5000 0.6750 1.00000
21.5000 0.7795 1.00000
21.5000 0.8841 1.00000
21.5000 0.9886 1.00000
21.5000 1.0932 1.00000
21.5000 1.1977 1.00000
22.5000 0.1523 0.97619
22.5000 0.2568 1.00000
22.5000 0.3614 1.00000
22.5000 0.4659 1.00000
22.5000 0.5705 1.00000
22.5000 0.6750 1.00000
22.5000 0.7795 1.00000
22.5000 0.8841 1.00000
22.5000 0.9886 1.00000
22.5000 1.0932 1.00000
22.5000 1.1977 1.00000
23.5000 0.1523 0.96667
23.5000 0.2568 1.00000
23.5000 0.3614 1.00000
23.5000 0.4659 1.00000
23.5000 0.5705 1.00000
23.5000 0.6750 1.00000
23.5000 0.7795 1.00000
23.5000 0.8841 1.00000
23.5000 0.9886 1.00000
23.5000 1.0932 1.00000
23.5000 1.1977 1.00000
24.5000 0.1523 0.94281
24.5000 0.2568 1.00000
24.5000 0.3614 1.00000
24.5000 0.4659 1.00000
24.5000 0.5705 1.00000
24.5000 0.6750 1.00000
24.5000 0.7795 1.00000
24.5000 0.8841 1.00000
24.5000 0.9886 1.00000
24.5000 1.0932 1.00000
24.5000 1.1977 1.00000
25.5000 0.1523 0.94444
25.5000 0.2568 1.00000
25.5000 0.3614 1.00000
25.5000 0.4659 1.00000
25.5000 0.5705 1.00000
25.5000 0.6750 1.00000
25.5000 0.7795 1.00000
25.5000 0.8841 1.00000
25.5000 0.9886 1.00000
25.5000 1.0932 1.00000
25.5000 1.1977 1.00000
26.5000 0.1523 1.00000
26.5000 0.2568 1.00000
26.5000 0.3614 1.00000
26.5000 0.4659 1.00000
26.5000 0.5705 1.00000
26.5000 0.6750 1.00000
26.5000 0.7795 1.00000
26.5000 0.8841 1.00000
26.5000 0.9886 1.00000
26.5000 1.0932 1.00000
26.5000 1.1977 1.00000
27.5000 0.1523 0.92500
27.5000 0.2568 1.00000
27.5000 0.3614 1.00000
27.5000 0.4659 1.00000
27.5000 0.5705 1.00000
27.5000 0.6750 1.00000
27.5000 0.7795 1.00000
27.5000 0.8841 1.00000
27.5000 0.9886 1.00000
27.5000 1.0932 1.00000
27.5000 1.1977 1.00000
28.5000 0.1523 1.00000
28.5000 0.2568 1.00000
28.5000 0.3614 1.00000
28.5000 0.4659 1.00000
28.5000 0.5705 1.00000
28.5000 0.6750 1.00000
28.5000 0.7795 1.00000
28.5000 0.8841 1.00000
28.5000 0.9886 1.00000
28.5000 1.0932 1.00000
28.5000 1.1977 1.00000
29.5000 0.1523 1.00000
29.5000 0.2568 1.00000
29.5000 0.3614 1.00000
29.5000 0.4659 1.00000
29.5000 0.5705 1.00000
29.5000 0.6750 1.00000
29.5000 0.7795 1.00000
29.5000 0.8841 1.00000
29.5000 0.9886 1.00000
29.5000 1.0932 1.00000
29.5000 1.1977 1.00000
