# Author: CJBurke Date: 04/19/2017
# Format: %09d
# Description:
# This is a list of targets that are not recommended for
# use with the per-target detection efficiency model as described in
#    Burke, C.J. & Catanzarite, J. 2017, "Planet Detection Metrics: 
#       Per-Target Detection Contours for Data Release 25",
#	 KSCI-19111-001
# Column Description
# 1- Kepler ID
000757137
000892010
000892738
000893210
000893233
001025986
001026180
001026309
001026861
001026895
001027110
001027707
001028246
001160789
001160867
001161345
001161618
001162036
001162220
001162746
001163943
001164590
001294756
001295531
001296110
001296862
001297510
001430207
001430353
001431599
001432587
001433730
001434277
001435448
001435573
001435717
001436265
001570150
001570924
001572114
001572780
001572802
001573138
001573867
001574361
001577143
001701554
001717384
001718046
001718360
001719065
001719297
001720425
001720673
001721614
001724879
001725552
001725732
001726211
001864258
001864959
001865448
001865595
001866235
001866366
001867078
001868101
001871465
001873204
001873918
001995351
001995489
001996456
002010577
002011145
002012932
002013145
002014377
002014684
002015820
002016706
002017157
002017534
002017541
002017803
002018281
002018392
002018432
002019258
002020444
002020820
002020876
002020966
002021060
002140561
002140780
002140982
002141385
002141387
002141928
002142095
002142183
002142280
002155220
002156178
002156939
002156988
002157901
002157964
002159700
002160572
002162994
002163829
002163896
002164834
002164874
002165574
002166940
002167198
002283093
002283435
002284278
002284330
002285032
002285217
002285898
002297529
002300165
002300503
002302624
002303289
002303367
002303610
002303870
002304199
002304850
002305543
002305930
002306740
002306756
002307675
002308753
002308957
002309469
002309587
002310284
002310479
002421898
002422073
002422539
002422568
002423824
002424934
002425631
002436324
002436450
002437209
002437296
002437781
002438873
002441154
002441470
002441510
002441995
002442606
002443045
002443676
002444348
002444598
002446774
002447027
002447175
002447893
002448225
002448260
002448756
002449374
002449703
002450412
002451037
002451696
002554924
002555088
002555437
002555714
002556113
002556127
002556252
002556297
002556387
002556625
002556755
002556945
002557115
002557430
002557555
002568888
002570131
002570715
002571548
002572323
002573017
002573042
002573092
002573548
002574191
002576692
002576993
002577056
002577330
002578582
002578661
002578811
002578893
002579595
002580872
002581074
002581258
002581626
002581964
002582539
002583651
002583777
002585397
002692438
002693261
002694640
002694746
002695267
002695344
002695975
002696115
002696120
002696217
002696628
002696703
002696947
002697082
002706683
002706738
002707312
002708001
002708156
002708614
002708803
002710357
002710594
002710631
002711432
002711477
002712561
002714397
002714635
002715019
002717423
002718874
002719755
002720444
002721824
002831091
002831097
002831923
002833058
002833697
002833709
002834607
002834796
002835473
002836038
002846051
002846564
002846944
002847029
002847437
002847821
002847978
002848618
002848725
002848919
002849721
002852961
002853469
002855026
002856412
002856589
002856960
002857323
002858134
002858740
002859567
002859830
002860594
002860746
002861630
002865498
002968811
002969462
002970010
002972941
002973509
002973894
002975717
002984295
002984813
002985366
002985770
002985825
002986661
002987113
002987160
002987385
002988150
002988655
002988988
002989319
002989840
002991562
002992350
002992815
002994493
002994548
002995197
002995944
002996015
002996019
002996112
002996232
002996903
002997086
002998002
003001667
003001695
003001851
003097331
003097623
003097896
003098045
003098194
003098263
003098716
003099294
003100053
003100193
003100505
003101090
003101632
003102024
003102990
003103320
003103576
003103685
003109997
003110460
003110486
003111419
003112405
003112707
003113630
003114408
003114424
003117169
003118806
003118829
003119250
003119825
003120004
003120889
003122268
003122985
003123206
003127817
003127825
003127996
003128488
003129238
003130277
003130296
003131012
003215845
003216467
003216518
003216638
003217051
003218445
003218637
003219237
003219623
003220826
003221040
003221077
003221230
003221957
003222122
003222132
003222220
003222240
003222519
003222670
003222908
003223000
003223003
003228328
003230227
003230948
003231503
003231985
003232795
003233234
003233508
003233863
003233908
003234139
003234396
003234597
003234686
003238626
003238671
003239604
003239707
003239965
003240049
003240305
003240316
003240967
003241344
003241374
003241619
003241822
003242233
003246460
003246594
003247016
003247777
003248332
003323401
003323825
003323887
003323905
003323943
003324261
003325619
003325959
003326790
003326917
003327668
003327688
003328026
003328203
003328941
003329643
003331147
003335176
003336055
003336140
003336731
003337029
003337055
003337351
003337487
003338660
003338674
003339055
003339175
003339443
003339538
003339894
003340127
003340462
003340584
003340807
003341457
003343186
003343854
003344050
003345665
003346028
003346414
003346436
003346501
003346779
003347054
003347146
003347337
003347458
003348378
003348390
003352624
003352751
003352842
003353773
003354148
003355034
003355435
003355750
003424056
003424202
003424493
003424729
003425279
003425675
003425758
003427629
003427850
003429018
003429626
003429668
003430430
003430610
003431022
003431126
003432060
003432897
003437548
003438740
003439031
003439831
003440118
003440137
003440230
003440346
003441157
003441414
003441784
003441906
003443221
003443331
003444361
003444884
003445468
003445822
003448365
003448546
003448567
003448817
003449540
003452937
003452996
003453029
003455094
003455843
003455941
003456666
003457190
003457434
003458919
003459199
003459297
003525541
003525654
003526625
003526897
003527032
003527156
003527231
003527383
003527708
003527781
003527891
003528198
003528656
003529097
003529480
003530387
003530520
003530668
003531268
003531734
003532685
003532729
003533854
003534584
003534649
003539153
003539483
003539632
003539768
003539897
003540728
003540952
003541346
003542542
003542895
003543270
003543433
003543722
003544552
003544637
003544681
003544694
003544987
003545061
003546061
003547105
003547283
003547943
003547996
003548498
003548732
003553458
003553885
003553955
003555091
003555545
003557196
003558705
003558981
003559182
003559806
003560181
003561372
003626094
003626325
003628682
003629080
003629255
003629496
003629790
003630172
003632468
003633152
003633274
003633545
003633693
003634438
003634451
003634720
003634755
003634981
003642038
003642808
003642873
003643054
003643447
003644542
003645232
003645649
003646112
003646828
003646933
003647940
003651360
003653993
003654076
003654897
003655332
003656231
003656322
003656761
003657922
003658812
003659155
003659940
003660182
003660820
003661095
003661182
003662314
003662838
003728553
003728906
003729141
003729317
003729884
003730125
003730953
003731157
003733046
003733157
003733169
003733209
003733363
003733532
003733644
003734205
003734682
003735269
003735299
003735629
003735674
003735699
003735720
003736401
003736477
003743537
003743583
003743810
003744545
003744571
003746974
003747860
003747861
003748172
003748585
003748748
003749989
003750378
003750536
003750613
003750794
003751222
003755342
003756031
003756801
003757928
003757951
003758694
003759974
003760337
003760571
003761660
003761680
003761733
003761841
003761893
003762056
003762217
003762553
003762557
003763790
003764335
003765594
003765622
003766081
003830820
003831416
003832474
003832966
003833399
003833455
003834020
003834095
003834519
003834703
003834913
003835454
003836105
003836772
003836848
003838075
003838380
003838496
003839283
003839310
003839443
003839699
003839930
003842255
003842486
003847551
003847822
003847938
003849027
003849933
003849996
003850609
003850742
003851859
003852304
003852327
003852512
003853555
003854605
003855003
003855032
003855039
003855090
003857864
003858086
003858287
003858634
003858729
003858850
003858884
003859213
003859692
003860139
003860806
003861094
003863227
003863731
003864122
003864443
003865298
003865742
003866082
003866714
003867247
003867514
003867593
003868346
003868420
003869241
003869340
003869445
003869649
003869825
003934303
003934458
003934487
003935651
003935726
003935987
003936327
003936507
003936736
003936888
003936921
003937217
003939138
003941427
003941454
003941538
003941581
003942191
003942203
003942324
003942511
003943223
003946270
003946389
003946593
003946684
003946749
003946788
003947018
003947031
003952899
003953057
003953330
003954130
003954227
003954327
003954332
003954857
003955590
003955867
003956425
003956721
003956793
003957270
003957477
003957521
003957739
003958093
003958615
003962433
003963323
003963398
003964004
003964545
003964632
003965149
003965879
003966357
003966950
003967161
003968382
003968545
003968710
003970003
003970395
003972467
003972675
003972695
003972825
003973630
003975426
004035675
004036300
004036736
004037428
004037915
004038034
004038190
004039306
004039816
004039831
004040211
004040636
004040873
004040917
004040928
004041405
004042417
004042709
004042951
004043027
004043389
004043413
004043870
004044238
004044329
004044462
004044756
004045066
004045351
004048788
004049124
004049174
004049466
004049575
004049722
004049858
004050047
004054905
004054908
004055156
004055330
004056079
004056751
004057744
004057892
004058004
004058265
004058849
004059007
004059416
004060284
004060394
004060545
004060593
004061267
004061346
004063674
004063966
004064179
004064365
004064398
004064484
004064858
004066326
004067389
004067525
004068539
004069447
004069477
004070633
004070877
004071012
004071543
004072729
004072847
004073089
004073730
004076350
004076952
004076972
004077008
004077283
004077558
004077835
004077931
004077941
004078409
004078789
004079535
004135680
004136141
004139351
004139914
004141376
004141483
004141815
004142137
004142768
004143334
004143604
004144236
004144300
004147444
004147543
004149684
004149831
004149840
004149949
004150523
004150611
004155102
004155395
004157282
004157488
004157933
004159693
004160669
004160709
004160892
004164301
004164363
004164910
004165109
004167645
004168541
004168758
004169130
004169930
004170773
004171441
004172085
004173011
004173278
004173510
004173757
004174532
004175311
004175481
004175557
004176070
004177025
004177811
004178039
004179984
004180375
004180534
004181451
004241617
004242705
004242905
004243486
004243796
004243803
004244544
004244856
004245701
004245897
004247023
004247116
004247309
004247791
004247807
004247831
004248126
004248158
004249145
004249279
004249702
004252080
004252170
004252804
004253573
004255006
004255765
004262667
004263801
004263863
004268284
004269030
004269096
004269252
004269256
004269332
004269391
004269457
004269498
004269825
004270704
004271063
004271855
004275586
004275625
004276902
004277245
004278017
004278024
004278083
004278221
004279114
004279700
004280251
004281087
004281895
004282760
004282880
004283484
004283513
004284367
004284581
004285087
004345370
004346303
004346661
004346893
004346953
004347554
004347564
004347631
004348313
004348810
004349133
004349442
004349565
004349743
004350299
004351414
004352168
004352328
004354831
004355819
004356708
004356766
004356903
004358206
004358355
004358630
004359587
004360072
004365417
004365461
004365571
004365827
004366053
004366669
004370502
004370710
004370855
004371917
004372765
004373485
004374106
004374214
004374669
004374732
004374768
004376555
004376841
004376882
004376967
004377354
004377729
004377855
004378473
004378554
004379290
004380377
004380775
004380824
004382143
004383163
004383270
004385594
004385682
004386047
004387396
004445527
004445630
004445711
004446029
004446181
004448157
004448277
004448636
004448737
004450714
004451217
004454123
004454663
004454729
004454810
004454890
004455314
004455528
004455632
004455941
004456739
004457200
004457335
004457395
004457475
004457800
004458638
004459963
004460015
004460188
004464180
004464530
004464876
004465279
004469602
004469736
004470317
004470796
004470856
004472896
004473355
004473473
004473933
004474176
004474637
004474645
004474916
004474948
004475934
004477871
004478281
004478473
004478812
004478895
004479314
004480321
004480358
004481586
004483449
004484027
004484356
004488884
004489163
004489527
004489784
004543229
004543412
004544587
004545314
004545474
004545666
004546625
004547204
004547348
004548530
004548551
004551412
004551779
004552198
004553072
004554044
004554222
004554437
004554770
004555456
004555662
004556465
004557259
004562310
004562786
004565985
004566474
004566654
004566878
004566887
004566916
004567028
004567097
004567221
004567326
004567853
004567902
004567997
004568058
004568378
004569298
004569590
004569930
004570232
004570419
004571402
004571511
004572083
004572779
004575645
004575908
004576629
004577647
004577784
004581540
004585508
004585976
004585982
004586704
004586875
004633018
004633238
004633907
004633909
004634310
004636581
004636613
004636938
004637069
004637562
004638317
004638879
004640537
004641439
004644922
004645422
004645692
004645958
004646012
004646159
004646245
004647117
004647756
004650422
004650494
004650563
004650686
004655788
004658442
004658645
004659361
004659384
004659706
004660665
004660797
004660971
004661223
004661768
004661789
004662188
004662298
004663468
004663591
004663818
004663975
004665222
004665568
004665808
004667911
004668047
004668978
004669417
004670267
004671204
004671313
004671784
004672583
004672731
004673368
004676985
004677271
004677684
004677837
004678188
004678401
004678873
004679184
004679457
004679629
004679692
004680338
004727286
004729656
004730123
004731303
004732015
004732678
004736208
004736778
004737267
004737302
004737595
004737705
004737942
004738255
004738610
004738764
004739194
004739728
004740287
004741349
004741931
004742436
004742716
004743037
004743104
004743508
004749879
004750938
004751953
004753340
004753829
004754121
004755467
004755528
004755621
004756864
004756934
004757184
004757192
004757543
004758316
004758368
004760345
004762600
004764420
004764422
004770149
004771707
004772722
004773304
004774041
004774326
004813971
004814290
004814686
004814724
004815179
004815548
004815612
004816074
004818202
004818496
004819301
004819815
004821839
004824195
004825832
004825996
004826087
004826257
004826439
004827618
004828684
004829109
004829938
004829985
004830178
004830861
004831169
004831185
004831454
004831826
004831859
004832197
004839180
004841005
004841140
004842057
004842346
004842850
004842860
004842904
004843143
004843431
004844801
004845272
004845694
004846674
004846809
004847602
004847801
004847832
004849836
004850488
004850499
004850665
004851217
004851304
004852007
004852709
004856867
004857064
004859790
004860458
004860890
004861985
004862080
004863260
004902014
004902072
004902158
004902701
004903588
004903839
004904086
004904346
004904369
004904671
004906947
004907159
004907194
004907772
004907832
004908025
004908161
004908338
004908384
004908495
004909081
004909449
004909707
004912088
004912991
004914231
004914456
004915387
004915790
004916620
004916641
004917786
004918300
004918802
004918925
004919067
004919121
004919209
004919243
004919347
004920044
004920497
004920997
004921578
004921705
004922182
004922201
004926924
004926962
004927048
004927098
004927383
004927495
004927595
004929697
004929806
004930889
004930906
004931454
004931738
004932498
004932663
004932691
004933476
004933594
004933839
004934192
004934347
004934393
004935185
004935189
004936089
004936524
004937204
004937327
004937350
004937379
004937487
004939895
004940226
004940648
004940935
004945337
004947556
004947726
004948402
004948719
004949036
004949214
004949499
004951888
004952734
004953358
004989752
004989869
004990101
004990198
004990246
004990328
004990977
004991425
004991878
004994506
004994756
004994971
004994984
004995218
004996558
004999211
005000454
005000456
005001658
005002776
005002968
005003224
005004282
005004660
005005119
005005217
005005508
005005618
005006618
005007473
005007645
005008558
005008996
005009376
005009393
005016163
005016635
005016873
005016991
005017711
005018066
005018442
005018590
005019114
005019216
005019933
005019940
005021374
005021395
005021402
005021453
005021732
005022462
005022517
005023353
005023379
005024084
005024146
005024268
005024272
005024292
005024455
005024456
005024461
005024750
005025003
005025101
005025162
005025233
005026178
005026318
005027780
005032507
005034333
005034864
005035683
005035849
005037681
005038397
005038548
005039392
005039441
005078124
005078240
005078533
005079307
005080694
005083936
005084148
005084176
005084659
005087542
005088084
005088148
005088362
005088478
005088599
005089498
005090286
005090928
005091433
005091811
005091962
005092282
005092642
005093008
005093223
005093508
005093559
005093678
005094833
005094944
005095098
005095464
005095511
005095886
005095946
005096095
005096114
005097379
005098143
005098880
005104153
005104431
005104573
005104949
005105075
005105754
005105797
005106731
005107801
005108033
005108638
005109872
005111300
005111932
005112438
005112786
005113797
005113910
005114382
005114395
005115297
005115386
005115642
005121051
005121116
005121566
005121605
005121915
005123097
005123226
005123889
005124280
005124850
005126724
005128879
005128966
005129251
005130005
005131190
005164650
005166899
005167473
005168575
005168707
005171118
005171232
005171320
005171529
005172229
005174302
005174642
005174959
005175172
005175734
005176206
005176879
005177023
005177450
005179253
005180026
005180885
005181455
005181566
005181824
005181839
005181919
005182451
005182688
005184276
005184285
005184472
005185002
005185820
005185856
005193311
005193386
005193496
005194444
005196691
005196806
005197058
005197709
005198142
005199859
005199930
005199940
005200056
005200637
005200695
005201756
005202404
005202536
005202826
005206845
005207287
005207710
005208056
005209257
005210153
005211634
005212400
005213142
005214750
005215700
005216883
005217379
005217774
005217781
005217796
005218022
005218441
005219135
005219465
005219773
005219921
005220682
005252229
005253014
005253199
005254176
005254203
005255552
005256019
005256691
005257167
005260350
005262663
005262664
005262724
005262736
005262880
005262973
005263007
005263537
005263545
005263571
005263777
005264406
005264460
005264795
005265916
005265923
005266416
005266937
005267421
005268339
005268494
005269165
005269222
005269407
005270737
005270814
005270933
005271626
005271669
005271717
005272829
005272843
005273059
005273239
005273973
005276467
005276489
005280974
005281000
005281818
005282247
005284127
005284133
005284371
005285332
005285343
005285357
005287551
005288019
005288646
005288716
005288939
005289571
005290153
005294739
005295989
005296307
005296692
005296943
005297237
005297961
005298825
005299062
005299596
005300578
005301537
005304515
005305240
005305510
005305902
005306787
005306862
005306984
005307495
005309849
005310435
005339687
005340557
005341903
005343976
005344460
005344895
005347567
005350100
005351399
005351405
005351445
005351659
005351738
005352687
005352699
005353108
005353178
005353200
005353757
005353786
005354037
005354578
005355850
005356665
005357275
005357380
005357446
005358060
005360382
005360602
005360757
005361169
005364445
005364599
005371626
005371676
005371747
005372077
005372141
005372216
005373255
005373447
005374221
005374733
005374758
005374789
005375200
005376106
005376348
005376608
005376836
005377629
005381849
005383359
005384584
005385151
005385723
005387695
005387909
005388155
005389557
005389610
005390342
005390878
005390913
005391520
005391683
005392089
005392657
005392897
005393558
005393802
005395645
005395743
005397166
005397223
005397900
005426152
005426356
005426665
005427596
005427641
005428125
005428626
005429163
005429938
005430086
005430514
005431353
005431956
005435689
005435961
005436082
005436814
005437353
005437796
005437849
005438256
005438845
005438922
005439289
005439372
005439660
005440790
005442047
005442451
005443524
005444392
005445609
005445796
005445983
005446285
005446355
005446518
005446556
005446821
005446927
005449290
005450166
005450269
005451336
005456023
005456612
005457811
005458018
005459534
005459563
005460274
005460741
005460835
005461205
005461447
005462390
005462460
005462797
005467102
005467113
005468551
005471396
005471522
005471606
005472344
005473556
005474533
005474812
005475585
005475645
005475712
005475736
005475795
005476448
005477095
005478010
005478227
005478788
005478864
005480528
005481390
005481393
005481781
005481980
005511323
005511423
005511847
005512223
005512584
005512777
005512782
005513861
005514251
005514871
005514974
005515044
005515939
005517118
005517310
005517424
005517442
005520853
005520878
005520879
005521176
005521210
005521373
005521451
005522224
005522358
005522844
005523471
005524149
005524370
005524720
005524844
005524851
005525172
005525572
005526130
005526390
005527172
005528530
005528757
005530881
005530935
005531278
005531578
005534253
005534806
005535541
005535942
005536266
005536758
005537188
005541499
005543249
005543630
005543840
005545340
005545761
005545866
005546749
005546767
005547747
005553032
005553045
005553183
005553362
005553624
005553963
005557072
005557932
005558488
005558768
005559520
005559631
005559777
005559850
005560421
005560831
005562583
005564082
005565516
005565700
005566037
005566078
005566629
005567130
005567502
005597401
005597891
005597970
005598209
005598216
005598537
005599763
005600162
005600727
005601185
005601718
005601939
005602011
005602545
005602690
005603057
005603681
005603916
005607052
005608384
005608922
005609753
005610698
005611371
005612543
005612549
005612599
005614021
005615439
005616050
005616250
005617000
005617601
005617939
005620302
005620596
005620654
005620671
005620678
005621757
005623212
005623774
005623852
005628779
005629459
005629476
005629783
005629807
005630212
005630766
005630997
005631061
005631073
005631398
005631694
005632781
005633448
005636780
005639370
005640750
005640843
005641247
005641908
005641933
005643957
005646532
005647010
005647463
005648449
005649206
005651608
005651823
005652179
005652188
005652439
005653095
005654067
005682548
005682974
005683912
005685000
005685244
005685279
005685458
005685751
005687374
005688727
005689219
005689750
005690169
005690183
005693554
005694218
005694612
005694720
005697225
005698156
005700368
005700391
005701051
005701692
005701821
005702180
005702239
005703348
005705748
005706760
005706988
005707098
005707560
005707691
005707854
005708550
005708815
005708837
005709564
005709787
005716472
005716526
005718385
005721762
005723199
005723895
005723909
005724947
005725087
005725589
005726596
005727396
005727964
005728401
005729291
005730219
005730380
005730384
005730394
005730952
005730973
005731312
005731697
005731994
005732026
005732155
005732847
005733906
005733972
005734433
005737655
005737673
005738153
005738698
005738998
005768166
005768927
005768953
005768996
005769403
005771685
005772452
005772710
005774124
005774375
005774694
005774953
005775127
005775297
005779029
005779724
005779754
005780142
005780269
005780424
005780444
005780616
005780782
005781077
005781192
005781657
005781782
005781827
005781841
005782127
005782671
005783113
005783115
005784094
005784204
005784220
005784225
005785586
005785620
005785710
005785879
005785906
005786382
005786406
005786771
005787509
005788021
005788154
005788332
005788354
005788623
005790807
005790837
005791709
005791860
005792113
005792421
005792500
005792558
005792887
005793628
005794100
005794519
005794570
005795465
005795626
005795648
005795961
005801446
005801556
005801591
005801629
005801925
005802420
005802470
005802562
005802921
005803563
005806787
005808438
005808444
005810197
005810333
005811766
005814423
005814951
005816268
005816540
005816806
005817267
005817566
005818068
005818102
005818205
005818696
005819258
005820612
005821762
005822633
005823964
005853260
005854029
005854092
005854239
005854567
005854943
005855054
005855086
005855479
005855929
005856143
005856571
005857548
005857724
005858034
005858641
005858670
005858889
005858919
005859081
005859492
005860441
005860478
005860848
005866856
005867284
005867378
005867968
005869160
005869577
005870047
005870102
005870686
005871273
005871340
005871792
005871918
005871971
005872236
005872509
005878159
005879265
005881162
005881201
005881211
005881213
005881715
005881733
005887977
005887983
005888131
005888545
005891982
005892161
005892369
005892647
005895751
005896480
005897059
005897396
005897826
005900096
005902252
005902301
005903003
005903484
005905600
005905655
005905992
005906289
005936874
005938347
005939577
005941844
005943385
005943695
005944521
005944707
005946568
005949422
005950394
005950668
005950735
005950759
005950914
005951742
005952695
005953596
005954336
005954370
005954569
005955168
005955321
005956305
005959615
005960293
005960394
005960693
005960710
005961373
005961703
005962031
005962716
005962817
005962877
005963339
005963894
005964024
005964115
005965837
005966097
005966348
005966873
005976379
005976532
005977048
005977646
005978448
005979965
005981329
005981444
005982499
005983031
005984141
005984619
005985073
005985252
005986209
005988573
005989072
005989157
005989498
005990313
005990915
005991079
006020718
006020867
006021786
006022397
006024453
006025020
006025389
006025466
006025983
006026007
006028942
006029130
006029214
006032371
006032844
006033295
006033640
006033873
006034565
006034923
006034965
006035535
006036653
006037036
006037660
006037794
006037858
006037983
006038057
006038355
006038647
006038732
006042116
006042429
006044064
006044909
006045247
006045299
006045511
006046311
006046859
006047033
006047264
006047277
006047339
006047683
006048066
006048148
006048411
006048671
006049399
006049459
006057818
006058608
006058614
006059055
006060150
006060341
006060903
006063291
006064051
006064684
006064932
006065699
006065787
006066369
006067485
006067538
006067727
006067958
006067987
006068204
006070416
006070714
006072870
006073090
006100054
006100702
006100831
006101376
006102467
006102716
006103287
006104158
006104264
006105065
006106120
006106152
006107389
006109477
006114014
006114042
006114118
006114172
006114507
006114547
006115549
006115575
006116234
006116318
006116940
006117415
006117516
006117832
006119151
006120039
006120043
006122976
006123047
006123596
006123643
006123671
006123710
006124244
006125731
006125893
006126013
006127083
006127362
006128330
006128830
006128841
006128995
006129293
006129655
006130409
006130876
006131659
006131884
006131901
006137797
006138749
006140030
006140132
006140161
006140581
006141372
006142932
006143098
006143103
006144766
006145939
006146503
006148349
006149470
006150124
006150782
006153201
006181115
006182019
006182176
006182846
006182849
006183128
006183859
006183890
006184894
006185353
006186029
006187604
006187893
006188162
006190679
006191036
006191288
006191574
006191711
006191945
006192431
006192847
006195966
006195999
006196149
006197014
006197038
006198581
006199131
006200190
006200565
006203421
006203503
006204450
006205460
006205502
006206542
006206897
006207355
006207670
006207677
006208645
006208823
006208846
006209347
006210524
006211529
006212570
006213424
006214095
006219684
006220470
006220490
006221411
006221647
006221816
006222183
006222324
006223256
006223501
006225065
006225660
006225718
006225752
006225816
006227958
006229506
006229677
006229965
006230245
006230552
006231193
006231237
006231401
006233466
006262867
006263054
006264398
006264532
006264743
006268486
006268722
006269092
006269291
006271151
006271512
006271732
006271813
006272933
006272964
006273063
006276898
006276957
006277741
006278403
006278698
006278762
006278829
006279491
006279696
006279848
006279982
006283224
006283344
006284058
006284198
006285289
006286142
006286161
006286441
006286468
006286633
006286707
006286760
006287184
006287950
006288543
006289417
006289471
006289756
006290000
006290049
006290632
006290974
006291110
006292128
006292799
006292925
006293045
006293767
006294018
006294290
006294708
006301030
006301289
006301412
006304664
006305248
006305709
006306122
006306123
006307062
006307077
006307537
006307578
006308068
006308164
006308323
006308708
006309719
006310345
006310874
006310979
006311637
006311997
006313843
006314185
006342566
006343339
006343402
006343543
006343818
006344499
006345474
006345484
006345835
006346443
006346537
006346894
006347258
006347423
006347470
006352228
006352430
006357113
006358198
006358280
006358968
006359087
006359688
006359802
006360007
006362386
006362480
006363090
006363181
006363351
006363534
006364307
006365076
006365080
006365867
006366130
006367096
006367159
006367628
006368169
006368380
006368959
006369539
006370104
006370249
006370549
006371008
006371374
006371777
006372135
006372268
006373278
006373902
006380579
006382244
006382808
006382830
006382916
006383531
006383574
006384492
006384975
006385342
006386117
006387770
006387887
006388255
006388827
006389429
006390781
006418912
006421480
006421483
006421579
006423690
006423857
006424406
006425089
006425437
006425652
006425783
006426507
006428749
006428932
006429369
006429457
006429747
006430534
006430834
006430841
006431670
006431673
006431941
006432059
006432344
006435459
006435783
006436304
006437385
006437491
006437648
006437672
006438046
006440976
006441398
006441499
006442548
006443511
006443536
006444071
006444595
006444630
006447731
006447817
006447883
006448010
006448112
006448225
006448444
006448574
006448764
006448768
006448982
006449081
006449391
006449552
006450107
006450271
006450478
006450549
006451099
006451229
006451238
006451307
006451461
006451658
006452413
006460289
006460414
006461089
006462033
006462755
006463471
006464293
006465191
006466316
006466939
006467377
006467790
006468146
006468506
006468938
006469226
006469561
006470514
006470521
006470998
006471223
006497003
006497099
006497331
006500623
006501869
006502831
006502960
006503502
006503973
006504411
006504867
006505025
006507962
006508300
006508328
006508943
006508967
006509096
006509135
006509721
006515613
006515636
006515734
006516187
006516783
006516874
006519677
006519718
006519869
006520266
006520572
006520658
006521123
006521501
006521542
006521917
006522182
006522750
006522800
006524873
006525122
006525196
006526377
006526657
006527012
006527050
006527090
006527097
006527211
006528048
006528254
006528720
006528744
006528816
006529322
006529378
006530334
006532181
006535050
006535641
006543282
006543682
006545018
006545403
006545653
006546441
006546508
006547007
006547130
006548447
006549767
006550823
006579647
006579998
006580435
006584408
006584424
006584430
006584645
006584666
006585979
006586055
006586428
006586793
006587245
006587345
006587865
006590363
006590668
006590774
006591336
006591762
006591789
006593240
006593623
006594217
006594505
006594972
006595127
006595662
006599662
006603043
006603999
006604231
006604303
006604616
006605413
006605929
006605959
006606106
006606229
006606428
006606591
006606652
006606797
006607191
006607275
006607398
006608291
006608746
006609265
006610219
006610346
006610672
006610828
006610861
006610891
006610925
006610930
006612114
006612265
006612292
006612550
006613246
006613846
006614040
006614672
006615133
006619177
006619377
006619830
006619942
006620380
006620987
006627606
006629205
006629332
006630797
006630939
006631489
006632435
006632945
006633742
006634155
006634686
006634703
006635028
006635451
006664482
006664623
006665041
006666011
006666229
006669842
006672071
006674913
006675338
006676083
006676644
006676788
006676885
006676993
006677387
006677612
006677631
006678174
006678428
006679278
006679286
006680386
006680734
006681465
006681516
006688582
006689302
006690887
006690934
006692180
006692313
006693095
006693107
006693329
006693775
006694186
006694427
006694463
006695329
006695808
006695889
006696436
006696443
006696689
006697842
006700870
006701041
006701238
006701735
006704851
006705259
006706287
006706381
006708053
006714282
006714430
006714871
006716840
006717248
006718509
006719163
006719355
006720369
006721044
006721089
006721240
006721297
006721633
006751876
006753146
006753210
006753253
006755676
006755830
006756017
006756579
006756669
006756847
006756908
006757511
006757637
006757650
006758546
006758917
006761498
006761532
006762022
006762288
006762411
006762434
006762849
006763448
006764153
006764361
006764812
006765032
006766011
006766748
006767103
006767249
006767347
006768042
006768355
006768613
006774006
006774810
006775700
006777669
006777888
006777975
006778050
006778113
006778122
006778289
006778474
006778487
006778771
006778789
006779009
006779144
006780052
006780397
006780490
006780530
006780873
006780893
006781058
006781201
006781535
006782360
006783223
006783485
006784274
006784339
006784681
006784944
006790408
006790592
006791045
006791309
006791334
006792186
006792689
006793235
006794628
006794650
006802407
006804250
006806005
006836820
006837256
006838420
006838565
006838665
006838707
006841577
006842945
006843652
006843705
006844101
006846595
006847018
006847371
006848294
006848793
006849148
006849167
006849225
006849237
006849670
006849932
006850417
006850464
006852488
006852771
006853199
006853266
006853443
006853613
006853779
006854095
006854423
006854461
006859685
006860096
006860123
006860127
006860569
006860716
006861400
006862131
006862553
006862872
006863017
006863840
006864859
006864995
006865157
006865416
006866002
006866587
006867485
006869641
006869740
006870242
006870327
006870772
006871099
006871390
006871472
006875322
006875325
006875989
006876260
006876575
006877258
006877404
006877673
006878215
006878403
006878800
006878959
006881454
006887746
006888638
006888756
006888930
006889430
006889764
006890391
006890561
006891512
006922834
006922899
006925082
006927629
006929280
006932854
006934587
006934780
006935014
006935260
006935850
006936796
006937000
006937123
006937131
006937758
006938892
006939060
006939158
006939495
006939670
006939699
006939772
006939837
006940048
006940068
006940150
006940816
006945481
006945570
006946715
006946831
006947195
006948098
006948535
006949064
006949494
006949550
006951377
006952140
006952430
006953103
006953568
006953573
006954120
006954726
006955286
006955397
006955576
006955713
006956014
006956701
006957157
006960487
006961293
006961446
006962018
006962060
006963439
006963897
006964043
006964342
006965010
006966232
006966254
006967600
006976405
006976414
007006979
007007103
007007370
007008219
007008892
007013975
007017044
007017452
007018144
007018152
007018192
007018252
007018708
007018977
007019203
007019256
007019724
007019953
007020182
007020371
007020392
007021177
007022220
007022603
007022759
007023008
007023122
007023331
007024480
007024649
007024830
007025377
007025708
007025721
007026613
007030543
007030715
007031016
007031027
007031714
007032840
007032948
007033059
007033135
007033670
007033748
007033775
007034097
007034771
007034957
007036104
007036151
007036755
007036891
007037405
007037417
007037772
007038199
007039421
007039688
007041602
007041651
007041744
007045489
007045545
007046960
007047141
007047697
007048122
007048889
007049035
007049306
007049465
007050270
007050378
007050496
007053456
007059987
007060001
007060330
007060995
007090649
007090654
007091114
007091610
007092048
007093179
007093705
007094142
007095218
007097136
007097624
007097723
007098252
007098510
007100768
007100888
007100955
007101463
007102446
007102615
007103375
007103666
007103784
007103951
007105891
007106197
007106205
007106807
007107311
007107940
007107941
007108536
007108646
007108905
007109084
007115384
007115450
007116767
007116859
007116873
007117514
007118128
007118545
007118566
007119080
007119694
007120637
007121801
007121872
007122218
007122746
007123335
007123568
007124027
007124081
007124161
007124573
007126124
007129766
007129930
007131065
007131321
007132015
007132514
007132784
007133286
007133356
007133567
007134640
007137351
007137798
007138085
007173776
007174617
007174901
007175234
007175316
007176070
007176080
007177553
007177892
007180850
007180968
007183249
007183551
007184604
007184978
007185134
007185924
007186274
007187063
007188504
007188705
007188868
007189610
007190047
007190849
007191496
007191673
007198881
007198906
007198925
007198959
007199013
007199036
007199037
007199135
007199774
007200092
007200102
007200133
007200282
007200574
007200980
007201168
007202721
007203179
007203663
007204073
007204369
007204722
007205397
007205868
007205905
007206323
007206560
007206673
007207129
007207251
007211157
007211754
007211991
007212722
007213716
007213942
007213964
007214878
007215396
007215997
007216918
007217303
007218911
007218950
007220332
007220912
007221001
007221608
007222362
007222444
007256461
007257373
007257673
007258162
007258579
007259484
007262612
007264847
007265075
007266262
007266266
007266674
007266738
007269623
007269710
007270159
007270921
007272257
007272307
007272683
007272709
007272860
007273176
007273426
007273672
007273965
007274171
007281410
007281777
007281814
007281826
007282068
007282332
007282522
007282550
007283269
007283409
007283772
007284688
007284968
007285602
007285786
007286440
007286739
007287165
007287391
007287786
007288272
007288529
007289157
007289277
007292582
007292626
007292702
007293054
007293531
007293609
007293937
007294867
007295251
007295555
007295570
007297199
007297736
007302972
007303187
007304385
007335017
007335019
007335125
007335905
007336419
007336438
007336640
007336754
007337994
007339002
007339343
007339348
007339772
007340618
007341343
007341653
007345200
007345363
007345435
007345479
007346441
007347189
007347195
007347340
007347529
007348807
007348978
007349386
007350025
007350496
007350561
007350968
007351518
007351928
007352201
007352718
007352727
007353813
007353826
007354299
007354460
007354482
007357165
007362849
007362852
007363339
007363405
007363485
007364019
007365537
007365701
007366121
007366363
007367559
007368197
007368371
007368621
007369386
007369523
007369591
007369819
007373687
007374253
007374746
007374855
007376500
007377466
007377489
007377946
007378008
007378357
007381384
007381689
007381823
007382407
007382434
007383850
007383872
007387188
007387226
007418359
007419085
007420223
007421325
007422216
007422883
007427513
007428418
007428624
007428931
007429233
007430037
007430105
007430415
007430892
007432476
007432548
007433177
007433457
007434544
007436266
007439456
007440381
007440589
007445653
007445885
007445982
007446038
007446357
007446560
007447105
007447703
007448050
007448051
007448560
007448746
007449021
007449844
007451247
007451886
007454928
007455752
007455914
007456135
007456155
007456157
007456177
007456230
007456460
007456521
007456813
007459906
007461004
007461022
007461382
007461393
007461963
007463614
007463737
007463750
007465221
007465258
007466053
007467807
007468196
007468318
007468373
007468471
007468997
007469714
007499440
007499677
007499808
007500267
007501405
007502070
007503226
007505110
007505113
007505473
007506294
007506871
007509572
007510397
007510474
007510604
007511279
007511980
007514511
007514596
007515243
007515679
007515814
007516687
007516703
007518925
007522091
007522132
007522297
007522662
007522765
007523672
007523785
007523960
007524005
007524184
007524275
007529928
007530188
007530401
007532172
007532435
007532570
007532880
007532973
007533420
007534293
007537808
007538021
007538181
007539108
007540130
007540926
007541502
007543672
007544597
007546617
007546639
007548061
007548187
007548833
007549472
007551589
007552325
007552341
007552779
007581142
007581697
007582602
007583663
007584900
007585122
007585506
007585523
007585696
007587353
007587506
007587689
007587763
007588106
007591311
007591481
007591642
007592356
007592741
007594180
007594865
007595151
007595155
007595285
007596250
007596634
007596741
007597056
007597269
007597703
007598106
007598454
007599132
007601618
007601720
007601736
007602282
007602453
007602735
007603230
007603259
007603568
007604846
007604944
007605388
007609378
007609886
007610008
007611944
007612170
007612916
007616829
007617649
007617832
007618547
007619046
007619502
007619945
007620325
007620660
007620801
007620832
007621053
007621071
007621649
007622473
007622486
007624347
007624629
007625094
007627376
007628371
007631145
007631400
007635173
007659665
007659773
007661054
007661320
007661609
007661720
007662025
007662402
007662831
007663228
007663241
007664561
007667124
007667971
007668283
007668520
007668536
007668613
007668648
007668782
007669105
007669197
007670419
007670485
007670489
007670617
007670794
007671029
007671055
007671178
007671562
007671716
007671841
007671974
007672405
007672453
007672492
007672804
007672969
007673019
007673779
007673993
007674141
007676676
007677005
007677317
007678025
007678509
007678547
007679090
007679799
007679979
007680115
007680159
007680242
007680327
007680677
007684873
007685157
007685260
007685693
007686020
007686101
007687231
007687755
007690855
007691089
007691148
007691547
007691618
007692352
007692850
007694075
007695093
007695624
007696930
007697595
007697861
007699331
007699970
007701023
007701104
007701947
007702122
007703530
007729057
007729156
007729396
007730305
007731467
007731976
007732065
007732300
007732836
007732964
007734065
007739214
007739728
007740188
007741179
007741842
007742049
007742534
007742739
007743124
007743176
007743539
007746896
007746939
007747146
007748051
007748069
007748234
007748570
007748693
007748884
007749318
007750700
007750740
007750838
007750904
007750959
007751017
007756074
007756637
007756682
007756685
007756795
007756859
007757478
007758189
007760680
007762051
007762375
007763724
007765135
007765219
007765460
007766017
007766507
007766544
007767565
007767588
007768995
007769874
007769943
007770004
007770055
007770282
007771530
007771603
007777548
007778114
007797807
007799547
007799575
007799762
007800087
007800157
007800227
007800312
007800895
007800922
007801167
007802146
007802549
007802551
007807614
007807970
007808007
007808227
007808713
007808791
007808899
007809297
007809638
007809825
007810708
007811207
007811522
007811847
007812175
007815841
007815943
007816940
007817045
007817386
007817520
007818982
007819927
007820169
007820638
007820868
007821010
007821234
007822114
007826360
007826726
007826833
007826955
007830684
007831348
007832684
007833672
007834295
007834539
007834867
007834979
007835133
007836868
007837056
007838306
007838383
007838639
007838906
007839918
007839950
007840145
007840424
007840478
007840782
007840896
007841024
007841410
007842386
007846638
007846870
007847644
007848890
007866696
007866904
007867348
007867854
007868701
007868889
007869334
007869590
007869659
007870062
007870292
007870980
007871099
007871394
007872098
007872305
007872519
007877824
007878670
007878963
007879313
007879764
007879943
007880048
007880490
007880511
007881261
007881649
007881669
007884671
007885455
007885570
007886062
007887295
007887436
007889000
007889429
007889496
007889528
007890477
007891047
007894940
007897890
007898413
007898447
007898613
007898731
007898748
007899023
007899183
007899428
007899526
007899650
007900126
007900418
007900733
007901008
007901547
007902097
007902578
007902889
007903096
007905047
007905222
007906607
007907511
007907556
007907664
007907983
007908010
007908953
007909320
007909446
007909775
007910731
007910890
007914906
007915833
007917701
007917803
007919610
007919620
007919653
007919763
007935931
007936033
007937097
007937413
007937475
007938029
007938180
007938294
007938468
007938883
007939065
007939107
007939888
007940533
007940959
007941326
007943602
007943692
007943807
007943929
007944038
007944193
007946809
007947648
007948091
007948465
007949258
007949599
007949633
007949934
007950369
007950727
007953247
007954197
007954259
007954576
007954705
007955510
007955782
007955825
007956524
007956671
007957709
007957822
007960031
007960136
007960295
007960547
007966761
007966985
007967100
007967534
007968267
007969481
007970629
007970717
007970740
007970760
007971006
007971070
007971906
007971999
007973002
007974439
007974594
007974841
007975162
007975969
007976185
007976305
007976565
007977163
007977658
007979417
007982835
007983031
007983053
007983752
007984243
007984934
007985001
007985167
007985370
007985592
007987514
007987613
007988632
007988869
007989213
008004686
008005116
008005468
008005874
008006058
008006161
008006740
008006773
008007262
008008319
008008492
008008585
008009339
008009410
008009507
008009582
008010260
008015981
008016119
008016214
008017159
008017379
008017459
008017746
008018404
008018575
008019020
008019043
008019232
008019250
008022170
008022670
008023317
008023982
008026633
008027320
008027334
008028916
008035497
008037095
008037429
008037519
008038258
008039057
008039416
008039566
008040522
008041249
008042598
008043052
008043136
008043156
008043586
008044132
008044516
008044889
008045883
008046519
008046547
008051953
008053078
008053978
008054042
008054115
008055183
008056492
008058269
008073767
008074322
008074326
008075126
008076905
008077489
008078435
008078554
008081069
008081278
008081482
008081535
008081853
008082339
008082494
008082913
008085217
008085269
008085998
008086321
008086924
008087334
008088143
008088244
008088354
008090337
008091051
008091423
008091579
008091729
008092097
008092474
008092865
008092957
008093308
008093536
008093802
008094889
008094948
008095099
008096050
008096758
008097384
008097755
008097812
008097825
008097831
008097926
008098300
008099102
008104142
008104341
008105002
008105018
008105474
008106151
008106367
008106525
008110123
008110645
008110692
008111388
008111895
008112039
008112324
008113379
008113425
008113460
008113557
008114962
008114988
008115723
008115872
008115904
008120076
008123843
008125229
008125339
008125993
008126271
008127495
008128965
008129189
008142366
008142716
008143094
008143842
008144529
008144991
008145152
008145176
008145677
008145759
008146043
008146822
008148993
008149694
008151314
008153309
008153568
008153600
008153795
008154017
008154385
008154541
008154799
008155468
008158779
008160089
008160419
008160546
008160590
008161105
008161143
008161295
008161562
008161630
008162514
008162973
008163861
008164737
008164812
008164977
008165162
008165444
008166918
008167380
008167653
008167938
008168324
008168680
008172497
008172720
008173148
008173696
008174381
008174654
008174740
008175438
008176543
008176733
008176783
008177087
008178161
008178310
008179058
008179075
008180361
008181509
008183622
008183831
008189641
008191971
008192056
008192986
008193315
008194143
008195877
008196180
008196181
008196436
008196889
008197210
008197275
008197406
008197761
008209913
008210100
008210370
008210688
008210721
008211008
008211500
008211551
008212479
008212786
008213145
008214398
008216834
008217206
008217514
008218313
008218419
008218649
008218803
008219441
008222189
008222685
008222691
008222712
008223197
008225819
008225839
008226149
008226464
008226744
008227019
008227312
008227922
008228473
008228534
008228604
008228613
008228927
008229269
008229456
008229457
008230035
008231149
008231947
008232115
008233314
008233504
008233742
008233917
008234203
008234394
008234477
008235013
008235448
008236321
008236479
008240109
008240459
008240709
008240902
008241134
008241392
008241402
008242135
008243725
008243971
008245132
008246580
008246635
008246664
008246995
008247218
008247428
008247608
008247669
008247845
008248939
008248948
008250904
008251079
008254901
008257407
008258098
008258311
008259617
008259835
008260680
008262308
008264001
008264006
008264061
008264617
008265820
008277362
008277658
008277914
008278323
008278906
008280417
008283463
008283796
008283958
008284682
008285025
008285254
008285510
008285664
008285712
008288152
008288164
008288278
008288405
008288553
008293158
008293686
008294303
008295220
008295268
008296417
008296467
008296709
008297376
008298041
008298090
008299947
008300747
008301013
008301095
008302107
008302455
008307630
008307824
008307849
008308080
008308088
008308946
008309936
008310216
008311102
008312388
008313018
008314801
008314902
008315220
008315780
008316105
008316503
008321401
008321680
008321903
008321959
008324268
008324293
008324482
008324612
008324678
008324752
008325588
008325764
008326357
008329423
008329425
008330222
008330371
008331675
008332664
008343654
008343708
008345076
008345473
008346238
008346589
008346778
008348765
008349350
008350026
008350443
008351193
008352439
008352528
008352773
008352774
008352866
008352976
008355130
008355134
008355529
008357820
008359180
008360349
008360354
008360359
008360912
008360947
008361334
008361624
008361996
008362089
008362400
008363443
008363955
008364119
008364363
008364751
008365829
008365908
008366220
008366486
008366758
008367146
008367834
008367995
008373697
008373793
008374186
008374499
008375665
008376357
008377116
008377200
008378656
008378675
008378922
008378945
008379547
008379898
008379927
008379961
008379965
008380242
008381324
008381329
008381865
008382172
008382539
008386158
008386344
008386537
008386921
008387412
008388250
008388387
008389387
008389819
008389938
008390612
008390667
008390826
008393914
008394004
008395811
008396113
008398290
008408920
008409983
008410006
008410529
008410637
008410679
008410818
008410890
008411053
008411124
008411792
008411947
008414116
008414159
008414512
008414845
008415109
008415377
008415501
008415616
008415752
008415928
008416310
008417184
008417203
008418437
008420770
008421156
008422693
008423224
008423770
008423797
008423845
008423849
008426324
008426901
008427903
008429085
008429170
008429280
008429471
008431229
008431390
008431946
008435232
008435606
008435651
008438947
008439633
008440305
008440983
008441160
008442289
008442720
008444782
008445775
008445780
008445814
008446093
008450921
008451868
008451941
008452675
008453191
008454209
008454245
008454588
008455280
008455370
008456687
008456813
008457452
008458519
008458760
008459354
008459899
008460634
008461359
008462775
008462852
008463118
008463380
008474340
008474897
008474990
008475511
008475844
008475872
008476245
008478436
008478472
008478478
008478994
008479107
008479182
008479383
008479386
008479533
008480446
008481224
008481420
008482522
008482611
008482769
008482944
008483484
008485445
008487738
008488274
008488878
008489712
008489948
008490027
008490404
008490438
008490583
008490854
008491147
008491779
008493827
008494280
008495082
008495760
008499639
008500704
008501036
008504478
008505345
008505515
008505530
008506281
008506295
008506310
008506788
008507397
008508009
008509318
008509346
008509527
008510314
008515227
008516252
008516953
008517293
008517303
008518106
008519065
008520065
008520441
008521178
008522100
008522497
008525293
008525674
008525691
008525805
008526387
008527188
008539201
008540384
008540767
008540820
008543200
008545649
008545861
008546146
008546721
008546792
008547122
008547342
008547390
008547469
008547669
008548111
008552947
008553907
008554366
008555181
008555588
008555914
008556671
008556801
008557256
008557474
008558038
008558530
008559142
008559576
008559852
008560409
008560601
008560861
008560949
008561019
008561126
008561192
008564441
008564956
008565446
008565683
008565900
008569819
008569991
008570577
008571142
008571156
008571469
008571699
008572715
008572936
008579358
008580595
008581557
008582121
008582210
008582416
008584439
008584610
008584672
008585236
008586427
008586614
008586983
008587058
008587196
008587669
008588417
008588966
008588982
008589163
008590274
008590527
008590780
008591738
008591986
008604662
008604805
008607581
008607620
008608312
008608490
008609704
008610168
008610483
008610579
008611114
008611423
008611599
008612060
008612180
008612585
008612612
008612811
008613594
008613615
008616844
008617610
008617740
008617950
008618226
008618391
008618632
008618736
008619916
008620449
008621026
008621600
008621739
008621785
008621906
008623633
008624940
008625249
008625289
008625580
008625632
008628585
008629689
008629756
008629769
008630006
008630712
008631131
008631367
008631442
008631608
008636174
008638173
008643582
008643811
008643814
008644597
008646113
008647299
008647392
008647629
008651846
008652718
008652939
008653068
008653134
008654900
008655421
008669014
008669092
008669282
008671819
008673190
008673221
008673259
008674581
008676094
008676927
008677183
008678504
008681186
008681817
008682248
008682921
008683248
008683589
008683779
008684074
008684421
008684474
008686389
008686861
008687929
008688158
008688409
008688768
008689599
008689645
008689860
008690001
008690009
008692626
008693004
008693728
008693972
008694381
008694690
008695243
008695402
008695820
008696624
008700506
008701099
008701327
008702088
008703532
008707850
008709934
008710240
008710694
008711405
008711548
008712103
008712174
008714704
008714856
008715060
008715159
008715207
008717023
008717702
008717742
008718273
008719324
008719419
008719675
008733805
008733892
008736245
008736379
008737032
008737047
008737568
008738809
008738834
008738899
008739118
008739181
008740339
008740378
008740578
008741924
008742013
008742030
008742318
008742449
008743222
008745738
008745809
008746146
008747060
008747303
008747880
008748160
008748251
008748278
008748290
008748376
008748457
008748869
008749284
008750438
008750712
008751079
008751392
008751503
008752618
008752670
008753046
008753520
008753728
008753966
008754075
008757215
008758161
008758700
008759258
008760135
008760394
008761422
008761471
008765630
008766405
008766538
008766611
008766897
008767446
008767579
008771414
008773948
008774912
008775087
008775173
008776850
008780959
008780968
008783290
008783357
008784288
008801228
008802374
008802962
008803207
008803432
008804395
008804962
008805128
008805515
008805565
008811382
008812868
008813291
008813509
008813670
008814586
008814972
008816903
008817926
008818252
008819748
008822421
008822505
008822878
008824235
008824264
008824683
008826079
008827646
008831674
008831759
008832376
008832417
008836211
008838681
008839028
008839138
008840004
008841113
008841307
008841616
008842083
008843082
008845207
008845221
008845313
008845321
008846245
008847630
008849243
008865966
008866275
008867740
008868324
008868869
008868929
008869302
008869656
008870432
008870801
008871304
008872565
008872709
008873769
008873797
008874063
008878681
008879558
008879961
008879964
008880420
008881888
008881943
008882190
008883394
008885470
008885638
008885841
008888925
008890192
008892485
008892924
008894012
008894616
008894773
008899312
008904065
008905194
008905990
008906676
008907787
008907943
008912711
008914504
008915216
008933174
008934264
008935612
008936084
008936104
008936409
008937073
008937164
008939409
008939889
008939964
008940098
008940241
008940642
008940728
008940851
008940961
008941031
008941202
008946162
008946471
008946619
008946818
008947349
008947708
008947883
008948403
008949653
008950187
008950837
008953426
008955699
008955894
008956226
008957026
008957543
008957928
008958208
008958735
008958925
008959087
008959538
008960818
008963082
008963394
008964218
008971646
008972013
008973000
008975269
008975442
008976256
008976283
008976319
008977303
008977457
008978113
008979491
008980359
008982857
008984044
008984296
008984706
009001468
009001643
009002496
009002577
009002777
009002884
009004448
009005720
009007016
009007080
009007322
009008270
009008923
009009158
009009407
009009735
009012783
009016278
009016417
009016901
009016915
009019601
009019623
009020419
009020426
009020943
009021204
009021460
009024483
009024667
009025029
009025367
009025447
009025882
009026209
009026866
009027654
009028511
009028967
009029017
009029195
009029242
009029486
009031163
009031507
009032322
009032691
009034557
009039990
009044993
009045611
009048396
009048949
009049673
009051345
009053292
009053846
009071132
009071802
009071895
009071940
009075949
009076843
009077161
009077483
009077501
009077844
009080310
009080407
009080445
009083661
009084820
009085007
009085031
009085926
009086505
009086653
009088119
009088142
009091240
009092513
009092883
009093038
009093737
009094270
009095347
009097287
009097292
009098129
009098294
009098529
009098810
009099189
009099367
009099712
009099846
009101420
009101620
009107351
009107573
009108058
009108419
009108759
009110060
009113950
009114783
009115495
009116231
009117123
009118981
009119405
009119504
009119893
009137819
009138389
009138411
009138553
009139084
009139330
009139488
009140403
009141134
009141584
009142574
009142768
009142974
009143051
009143147
009143834
009143855
009143868
009143924
009145952
009146423
009146541
009147113
009149986
009150369
009151007
009151079
009151578
009151763
009152460
009152994
009154290
009156571
009157267
009157390
009157719
009157946
009159227
009159263
009159301
009159978
009160995
009165323
009166023
009172316
009173327
009173365
009177796
009177823
009178425
009179043
009180125
009180915
009181759
009182310
009201463
009202550
009202969
009202995
009203274
009203405
009204672
009204851
009205123
009205351
009205356
009205436
009205705
009205952
009206643
009207146
009207508
009209247
009209471
009210148
009210231
009210828
009211088
009211401
009214131
009214302
009214827
009215841
009216019
009216367
009216676
009217049
009217456
009217521
009217736
009220076
009220379
009220921
009221753
009221764
009222389
009222710
009222948
009223757
009225547
009226041
009228258
009228523
009229163
009230478
009237084
009237445
009239474
009239784
009239816
009240041
009244471
009244992
009245283
009245385
009245506
009264512
009265701
009267997
009268087
009268146
009268197
009269104
009269302
009270087
009270193
009272082
009273312
009273992
009274044
009274563
009277252
009277723
009277886
009278405
009279708
009279769
009279797
009279949
009282363
009282687
009282769
009283133
009283220
009283664
009283816
009284099
009284379
009284741
009286286
009287605
009288026
009289786
009289843
009290481
009291368
009291554
009291624
009291629
009291748
009291976
009292463
009300113
009300507
009303109
009303992
009304446
009304794
009304797
009305357
009306046
009306085
009306597
009307073
009307354
009307887
009324120
009326263
009326304
009326484
009327513
009327993
009328852
009329058
009329384
009329519
009330792
009332840
009333184
009333250
009333290
009333501
009333664
009334504
009334554
009334666
009334692
009334793
009335191
009335415
009335570
009336090
009339825
009340114
009340993
009341241
009341449
009344623
009346655
009347339
009347564
009347707
009348680
009348946
009349245
009349426
009349526
009350124
009350555
009350634
009351186
009351221
009353531
009354052
009356988
009357395
009357455
009361885
009362733
009363969
009364586
009364778
009364890
009364901
009366774
009366988
009366989
009367236
009367639
009367955
009368621
009388304
009388549
009389206
009389234
009389690
009390293
009390558
009390666
009390670
009392039
009392650
009392839
009392933
009395227
009395535
009396095
009396925
009397110
009401816
009401856
009401993
009402284
009402562
009402649
009405269
009405336
009405480
009405555
009405969
009406426
009406596
009406638
009407261
009407913
009408240
009408590
009408694
009408917
009409463
009410582
009410631
009410874
009411927
009412408
009413296
009413755
009413885
009414068
009414102
009415248
009418872
009419055
009419694
009427853
009427889
009428854
009429520
009430388
009430786
009446620
009446742
009447134
009447427
009450786
009451434
009451604
009451937
009451999
009452570
009452696
009452919
009453114
009453362
009455652
009456153
009456478
009456779
009456996
009457509
009457852
009458342
009458605
009465763
009466312
009466652
009466804
009467117
009467649
009468384
009468475
009468966
009469165
009469350
009469599
009470055
009470830
009471590
009472635
009473926
009473998
009474021
009474969
009479661
009480469
009480730
009480874
009480985
009486918
009487532
009488786
009490372
009490782
009491002
009508346
009508595
009509071
009509207
009509251
009511937
009512485
009513182
009513787
009517003
009517149
009517542
009517698
009517713
009519036
009519051
009519435
009519594
009519609
009519698
009519964
009520019
009520089
009520156
009520694
009520700
009520726
009520755
009520864
009521327
009521501
009521696
009526782
009526968
009527517
009527740
009528112
009529351
009529652
009529692
009529733
009529744
009529963
009529974
009530170
009531991
009532030
009532518
009532712
009533014
009533483
009533523
009533544
009534315
009534934
009535050
009535637
009536144
009536330
009539910
009540185
009540226
009540450
009541241
009541437
009542075
009549070
009549513
009551200
009551276
009569195
009569259
009569462
009569866
009570047
009570409
009570858
009572988
009573389
009573535
009574235
009574272
009575645
009575873
009576189
009576197
009576289
009578833
009578876
009579009
009579192
009579328
009579999
009580167
009580171
009580343
009580407
009581296
009581917
009582005
009582089
009582720
009582784
009583493
009583607
009588232
009588946
009589101
009589140
009589271
009589614
009590158
009590930
009591097
009591358
009591529
009593633
009593759
009593804
009594437
009594684
009595645
009595743
009595823
009595840
009596106
009596581
009596639
009597166
009601232
009601661
009602322
009602595
009602737
009602917
009603327
009603624
009604795
009605151
009605196
009605294
009606106
009611634
009613070
009631498
009631995
009632233
009632503
009634952
009634962
009635388
009635490
009635529
009635603
009635876
009636127
009636300
009636857
009637299
009639455
009640072
009640204
009640472
009640886
009641031
009641246
009641484
009641568
009641636
009641772
009642041
009643826
009643914
009644558
009645099
009645298
009649610
009649940
009650881
009651658
009651996
009652428
009652494
009652632
009652676
009652680
009652971
009653110
009654619
009654789
009654877
009654907
009655045
009655091
009655129
009655399
009655800
009656348
009656428
009656523
009656934
009656964
009657639
009658002
009658072
009658118
009658434
009658793
009662168
009662751
009663224
009663377
009664215
009664262
009664607
009664946
009666718
009667178
009667668
009668569
009673173
009673785
009674113
009674329
009674346
009691826
009692226
009692932
009696911
009697078
009697403
009697552
009697618
009700322
009701685
009701905
009702057
009702841
009702891
009703177
009703961
009704050
009704246
009704269
009704325
009704774
009705459
009705542
009705636
009706194
009706209
009706585
009707286
009710336
009711349
009711751
009712075
009712736
009712888
009713083
009714063
009714358
009714427
009714724
009715163
009715189
009715349
009715425
009715598
009716045
009716081
009716431
009716866
009716994
009718024
009724820
009724859
009724882
009725610
009726020
009726084
009726613
009727392
009727455
009728629
009728822
009728845
009751996
009752290
009753178
009753810
009754168
009754625
009754808
009754973
009757679
009758145
009758246
009760904
009760924
009761215
009761625
009762390
009762519
009762752
009763419
009763564
009763640
009764192
009764684
009764708
009764877
009764952
009765062
009766608
009766906
009767051
009770992
009771905
009772143
009772371
009772586
009772971
009773266
009773869
009774400
009775089
009775446
009775566
009775591
009776466
009777062
009777087
009777088
009777807
009777864
009777902
009779084
009779768
009780183
009785533
009785675
009786017
009786821
009787065
009787349
009787442
009787503
009787723
009788834
009790857
009790884
009790983
009791248
009812539
009812607
009813102
009813390
009813713
009813798
009813965
009814943
009815354
009815488
009818513
009818564
009818604
009818732
009820825
009821078
009821783
009821863
009822284
009824711
009824863
009824902
009824971
009825770
009825822
009826171
009827094
009827381
009833091
009833561
009833625
009833651
009833666
009833846
009834719
009835269
009835436
009835575
009835672
009835756
009835765
009835853
009836221
009837040
009837267
009837429
009837544
009837555
009837578
009838078
009838466
009838510
009838978
009839062
009839081
009839547
009839918
009839980
009842860
009843104
009843358
009844350
009844444
009844510
009844659
009845028
009845323
009846355
009847893
009847901
009848000
009848379
009848470
009848497
009850387
009851021
009851126
009851743
009852480
009852625
009853314
009872162
009872165
009872188
009872330
009873116
009873869
009874022
009874575
009874730
009875768
009880337
009880457
009881167
009881258
009881628
009881699
009882550
009883214
009883389
009883557
009884277
009884319
009884818
009885332
009886349
009886812
009887134
009887488
009887555
009893216
009893889
009895004
009895067
009895367
009896470
009896743
009896877
009898240
009898657
009898800
009898999
009899245
009899807
009902554
009903290
009903947
009904034
009904409
009904945
009905069
009906804
009907009
009907147
009907368
009907856
009908198
009909300
009909795
009909804
009910166
009910758
009911416
009912895
009913124
009913481
009913654
009933505
009933717
009934208
009936456
009940675
009941242
009941387
009941425
009941901
009941915
009942071
009942292
009943018
009944140
009944208
009944421
009945280
009945290
009946067
009946773
009947085
009947390
009947511
009947777
009947848
009950146
009950644
009955166
009955177
009957219
009957288
009957351
009958227
009958522
009958567
009959126
009959497
009959608
009959776
009962653
009963255
009963459
009963461
009965582
009965715
009965888
009966453
009966823
009967183
009967382
009970454
009970467
009971475
009973278
009973633
009992544
009992999
009994044
009994630
009994798
009994845
009995317
009995485
009995535
010001154
010001167
010001304
010002261
010002647
010003419
010003497
010003658
010004772
010004975
010005422
010005473
010005499
010005966
010006096
010006158
010007150
010007364
010010358
010010483
010010659
010010946
010011329
010014635
010015516
010016093
010016403
010016950
010018239
010018973
010019950
010019961
010020423
010023062
010024405
010024786
010025907
010026136
010026749
010026767
010031409
010031707
010031808
010031856
010033081
010033959
010034169
010053224
010053551
010054362
010055061
010055660
010055674
010056387
010057435
010057676
010059173
010059338
010062594
010063028
010063343
010063468
010064111
010064712
010064768
010064921
010065049
010065429
010065516
010065692
010065848
010066568
010068383
010068519
010068795
010068801
010068892
010068919
010069277
010069570
010069934
010070717
010071249
010071383
010073392
010073828
010079263
010079998
010081993
010082360
010082581
010082602
010082909
010082936
010083442
010083480
010088162
010090400
010090700
010090853
010091257
010093607
010093930
010094937
010095512
010095685
010098590
010118610
010118929
010118979
010119126
010119692
010120040
010120296
010122402
010122937
010123707
010123966
010123983
010124179
010124206
010124866
010127758
010128746
010129482
010130148
010130225
010131438
010131857
010132667
010134740
010136291
010136807
010136949
010139791
010140216
010141036
010141049
010141087
010141104
010141717
010145279
010146010
010146119
010147854
010147976
010148717
010149993
010150018
010152650
010153182
010155116
010155731
010156064
010157120
010157443
010157808
010157826
010160253
010160534
010160679
010161365
010162795
010163885
010163983
010164561
010164895
010165452
010165660
010186053
010186075
010186250
010186510
010186608
010188458
010188940
010188964
010189169
010189920
010190244
010190733
010190841
010191142
010192145
010192231
010192853
010193096
010196240
010196517
010196630
010196797
010196863
010196902
010197260
010197619
010198207
010198347
010199187
010199218
010200093
010201944
010203168
010203751
010206192
010206307
010206457
010206840
010207078
010207258
010207268
010207957
010208330
010208759
010212834
010213931
010214039
010214045
010214295
010215869
010220756
010221150
010222079
010222716
010223616
010224094
010226083
010226239
010226478
010227825
010230369
010230660
010231564
010231806
010231863
010232367
010251942
010252131
010252281
010252692
010253304
010253602
010254023
010254051
010255535
010255705
010256655
010256752
010256787
010257435
010257683
010257713
010257750
010257903
010258056
010258136
010258377
010258558
010258971
010259369
010262841
010263213
010263397
010263691
010264744
010264774
010264989
010265130
010268744
010271721
010271802
010273140
010273384
010273604
010273643
010274244
010275084
010275887
010276033
010279663
010280586
010280708
010281329
010281513
010281890
010281965
010282002
010282108
010284575
010284878
010286378
010286749
010287874
010288127
010290718
010292064
010292156
010292465
010293335
010294608
010295060
010296163
010296428
010297638
010297802
010297952
010318393
010319146
010319325
010319590
010319709
010320170
010321061
010321063
010322366
010322473
010322948
010323079
010323222
010323250
010324146
010324412
010324763
010328682
010328946
010329654
010329661
010330340
010330437
010331610
010332186
010332753
010333063
010333486
010334441
010337695
010338279
010338650
010338877
010339390
010339590
010341001
010341704
010341811
010345661
010345939
010346522
010346596
010350302
010350652
010351792
010351834
010352333
010352603
010353044
010355672
010355764
010358632
010359999
010360238
010362043
010362500
010362840
010363224
010363300
010382615
010382835
010383488
010383777
010384503
010384891
010384962
010385459
010385682
010385851
010386229
010386248
010387935
010388610
010389037
010389165
010389393
010389724
010394332
010394522
010394570
010394576
010394987
010395363
010395400
010395508
010395638
010396693
010398120
010398450
010399322
010403036
010403423
010403690
010404649
010404994
010405285
010407209
010407270
010411796
010415576
010415654
010417308
010418503
010418894
010420236
010420279
010420734
010421688
010422030
010422852
010422900
010425070
010425397
010426331
010426854
010427487
010447681
010448626
010448807
010449827
010449998
010450536
010450924
010451213
010452898
010453314
010453350
010453475
010453946
010453983
010454401
010454872
010454887
010454901
010457016
010459987
010460092
010460324
010461221
010461347
010461757
010462826
010462940
010463137
010463945
010464078
010467146
010467388
010467570
010467704
010467881
010468235
010468528
010469022
010470634
010471780
010472971
010473048
010480494
010480799
010480952
010482387
010483213
010483230
010483530
010483644
010486425
010486589
010487648
010488066
010488243
010488720
010489073
010489108
010489244
010489814
010489877
010490960
010491031
010492800
010493253
010493471
010513061
010514427
010514429
010514458
010515478
010515966
010517078
010517309
010517437
010517832
010518222
010522084
010522111
010525205
010525282
010525475
010526137
010526294
010526356
010526648
010527357
010527661
010527793
010528564
010532461
010532561
010532847
010533616
010534377
010534485
010535643
010535803
010535807
010536376
010537061
010537708
010538371
010538735
010544469
010544691
010545034
010545152
010545904
010546119
010546977
010547684
010548114
010548332
010549576
010549874
010550657
010550660
010551346
010552441
010553195
010553224
010553384
010553426
010554179
010555288
010555618
010556578
010577796
010582841
010583181
010583857
010587122
010587237
010587397
010590641
010590683
010590779
010592249
010592678
010592802
010592818
010593243
010593779
010594326
010596359
010596563
010597648
010598507
010598558
010599245
010599397
010599712
010599911
010600899
010600926
010601549
010601579
010601681
010602374
010602976
010603170
010603958
010604255
010604460
010609343
010609476
010610027
010610275
010610644
010610707
010610825
010612854
010613451
010613466
010614000
010614323
010614602
010614707
010614770
010615249
010615496
010616012
010616239
010616829
010618005
010618417
010618875
010619109
010619988
010621317
010646009
010647684
010648847
010649021
010649096
010651320
010651398
010651578
010652134
010653194
010653383
010656124
010656536
010658302
010658378
010658947
010659100
010659688
010662321
010662603
010662618
010665179
010666932
010667832
010667886
010667966
010668565
010669123
010669516
010669672
010669876
010670338
010670445
010670920
010671227
010671396
010676246
010676927
010677958
010678016
010678185
010679246
010679607
010679720
010680099
010681464
010681475
010683303
010683647
010683738
010684286
010685353
010685411
010685892
010686876
010709020
010709101
010709799
010710946
010711066
010711145
010711484
010711551
010711646
010716853
010717091
010718832
010718902
010718976
010721900
010722729
010722949
010723388
010723766
010724027
010724041
010724634
010726810
010727973
010728179
010728219
010728428
010728715
010730100
010730571
010731596
010731790
010732086
010733042
010733521
010734098
010734241
010734385
010735077
010735274
010735279
010735305
010735575
010735926
010735988
010736489
010736591
010736868
010742794
010743092
010743597
010743887
010745616
010745663
010745775
010746881
010747093
010747240
010747862
010748902
010750173
010753050
010753642
010753734
010777559
010778943
010778965
010779585
010780014
010780221
010782847
010782908
010784013
010784996
010785446
010785623
010788228
010788617
010789202
010790188
010790301
010790415
010790812
010792949
010794013
010794242
010794838
010797786
010797899
010799530
010799767
010801138
010801359
010801794
010802309
010802990
010809277
010809293
010809457
010809499
010810628
010812519
010813670
010815014
010815065
010815204
010815462
010816107
010816278
010816748
010818265
010818266
010841636
010841730
010841864
010842231
010842958
010843345
010844250
010848618
010848891
010849489
010849541
010850420
010850644
010854564
010857342
010857579
010857639
010857750
010857953
010858117
010858331
010858520
010859767
010859941
010860146
010860155
010860202
010861620
010862612
010863107
010863535
010864324
010864711
010865206
010865371
010866694
010873344
010873579
010874032
010875937
010876469
010876687
010877915
010878084
010879372
010879812
010879833
010879976
010880958
010881028
010902738
010902770
010903016
010903291
010904031
010904619
010908111
010908322
010908442
010909967
010910523
010910541
010910674
010910802
010914565
010917950
010918214
010918449
010920268
010921242
010921258
010921270
010921388
010921737
010922482
010922821
010923960
010924400
010928042
010931800
010931849
010931902
010933384
010933861
010933870
010934370
010934588
010934929
010935248
010935310
010935595
010935662
010936427
010936814
010936833
010937609
010958931
010959162
010959285
010960289
010961011
010961390
010962686
010962723
010962775
010964223
010964584
010965963
010966458
010969616
010971674
010971893
010972627
010972858
010972860
010973854
010974360
010974984
010975126
010976504
010976842
010976930
010977537
010977562
010977629
010978008
010978509
010978644
010978737
010978857
010978948
010979181
010979258
010979438
010979716
010982619
010987401
010988045
010989274
010990083
010990223
010990243
010990704
010991237
010991398
010991555
010991892
010992126
010992390
010992414
010992711
010992714
011013201
011013413
011013608
011014039
011017443
011017637
011017901
011018104
011018203
011018283
011018454
011018481
011018745
011018874
011018922
011019025
011019752
011019954
011020885
011026843
011026966
011026973
011027003
011027337
011027708
011027806
011028372
011028575
011029151
011029396
011029591
011030582
011031040
011031856
011031937
011031993
011032402
011032600
011033205
011033302
011033884
011036972
011037046
011037290
011037292
011037684
011037923
011038023
011042388
011043806
011043831
011044097
011045542
011046496
011067972
011068340
011068521
011068543
011069068
011071207
011071936
011072164
011072852
011073223
011073377
011073623
011073910
011074251
011075808
011075908
011076176
011076239
011080027
011080103
011080481
011080665
011080937
011080989
011081517
011081838
011083308
011083701
011084302
011084620
011084861
011086448
011086729
011087027
011087527
011090395
011090673
011091071
011091209
011091398
011091456
011092638
011093193
011097771
011098975
011098995
011099165
011122913
011125958
011126216
011126267
011126683
011126721
011127558
011128172
011128910
011129153
011129442
011133859
011133969
011134079
011134272
011134405
011134530
011134608
011135286
011135910
011136139
011136338
011136421
011137395
011138087
011138375
011138484
011138542
011141358
011143958
011144765
011145563
011146152
011146230
011146520
011146592
011146627
011146647
011146710
011147596
011147717
011147994
011151833
011152312
011152823
011175271
011175342
011175568
011175619
011175907
011176016
011177727
011177729
011177749
011177941
011178147
011178396
011179629
011179815
011181345
011181428
011181860
011182260
011182897
011182901
011183305
011183760
011186837
011187057
011188067
011188865
011189127
011189959
011190431
011190713
011190969
011191444
011192141
011192252
011193447
011193457
011193975
011196191
011196370
011196614
011196785
011196963
011197047
011197091
011197101
011197457
011198648
011199105
011199412
011199438
011199736
011200185
011200191
011200573
011204531
011205547
011206069
011206292
011206377
011228490
011228612
011228759
011229003
011229188
011230630
011231549
011232225
011233133
011233567
011233911
011234533
011234625
011234835
011235323
011235444
011235573
011236536
011237133
011241927
011242268
011242282
011242284
011242390
011242734
011242934
011243149
011243169
011243761
011244265
011244530
011244839
011244855
011244968
011244980
011245234
011245278
011245307
011245491
011246246
011247049
011250139
011250152
011250488
011250780
011250867
011251136
011251837
011252233
011252437
011252617
011253076
011253571
011256244
011260279
011282364
011282479
011284131
011284505
011284760
011284798
011285286
011285625
011287318
011287726
011288133
011288779
011288888
011289128
011289335
011289398
011289515
011290482
011293804
011294195
011294218
011294384
011294409
011294808
011295008
011295349
011295350
011296048
011296211
011296561
011297585
011298220
011298371
011298561
011298638
011298776
011299675
011299846
011299941
011302791
011303381
011304421
011305377
011305448
011305776
011305933
011306304
011307599
011307603
011307799
011307847
011308660
011336656
011337714
011337843
011338492
011339247
011340165
011340377
011341723
011342032
011342861
011348995
011349011
011349012
011349014
011349188
011349386
011350389
011350954
011351140
011352644
011352756
011352770
011352865
011356208
011356839
011357004
011357931
011358607
011358698
011358755
011359175
011361055
011361075
011362071
011362148
011391181
011391496
011392128
011393439
011393580
011394497
011395438
011395485
011395816
011400830
011401466
011403437
011404698
011404916
011404925
011408200
011408263
011408304
011408490
011408704
011409529
011409698
011409827
011410398
011410549
011410978
011411849
011412044
011412190
011414707
011414728
011415061
011442227
011443139
011443271
011443382
011443558
011444160
011444313
011444434
011444615
011445774
011446130
011446151
011446280
011446443
011446691
011447802
011447883
011450279
011450299
011450315
011453627
011453905
011453969
011454149
011454275
011454341
011454593
011454662
011455176
011455243
011455423
011455925
011456172
011456246
011456382
011456910
011456927
011456933
011457137
011457478
011460113
011460413
011460647
011461134
011462100
011462723
011462853
011462972
011463450
011463603
011463988
011465784
011465869
011466656
011468895
011468988
011469401
011493683
011494312
011494511
011494646
011494765
011495084
011495654
011495989
011496589
011497421
011497648
011498298
011498413
011498907
011499723
011499757
011501949
011502092
011502218
011502666
011502920
011505727
011505872
011506428
011506570
011506807
011506859
011508587
011508928
011508970
011509173
011509608
011509792
011511883
011512096
011512229
011513452
011514658
011515679
011515815
011515918
011516242
011517291
011517719
011517786
011518193
011518371
011518690
011519074
011519475
011519735
011520310
011520923
011547584
011547614
011547924
011548940
011549329
011551404
011551430
011551758
011554435
011554793
011554998
011558127
011558398
011558405
011558724
011559478
011559818
011560044
011560054
011560273
011560280
011560324
011560431
011560447
011560498
011560911
011560948
011563912
011564307
011564787
011567049
011567375
011568705
011569659
011572029
011572172
011572989
011597759
011598116
011598350
011598402
011599067
011600024
011600208
011601202
011601529
011603064
011605129
011606676
011606796
011610797
011612171
011612200
011612249
011612320
011614637
011614827
011615224
011615481
011616096
011616200
011616914
011617014
011617622
011617751
011617824
011617894
011618043
011618063
011618775
011621155
011621159
011621198
011621486
011623012
011623314
011649294
011649705
011649869
011650039
011650041
011650219
011651091
011651229
011651457
011651776
011652870
011653059
011653073
011653236
011653285
011654142
011654184
011656075
011656337
011656653
011656670
011657064
011657684
011658270
011658849
011658854
011663151
011663337
011663387
011665387
011665620
011666115
011666309
011666557
011667928
011668036
011668246
011668686
011668783
011669113
011669342
011669622
011670252
011671429
011671814
011673686
011673952
011674102
011674666
011674677
011674709
011700132
011702086
011703230
011703305
011704004
011704044
011704101
011706231
011706449
011706658
011707304
011707798
011708825
011709006
011709752
011709871
011710139
011710193
011713326
011717013
011718785
011721301
011721304
011721613
011722424
011723154
011724091
011724560
011724851
011725476
011725482
011751835
011752118
011752707
011753010
011753949
011754056
011756792
011756873
011756901
011757206
011757739
011757910
011758055
011759220
011759262
011759364
011759860
011760264
011760319
011760959
011760969
011763919
011764270
011764438
011764544
011766249
011766491
011768249
011768642
011769142
011769146
011769182
011770790
011771763
011771962
011773146
011773616
011775000
011775251
011775369
011775398
011775511
011775797
011802037
011802109
011802617
011804677
011805390
011805460
011805489
011805792
011807840
011807844
011808481
011808713
011808778
011809507
011811454
011811732
011812012
011817405
011817498
011817750
011819079
011819135
011819363
011819401
011819446
011819760
011819949
011820270
011820688
011820712
011820830
011822650
011824273
011824403
011824498
011824976
011826272
011826594
011853719
011854375
011854450
011854835
011856178
011857884
011858541
011858741
011859158
011860064
011860180
011861260
011861823
011862119
011862360
011862833
011862867
011862915
011867867
011868141
011868246
011868264
011868592
011870991
011871718
011871874
011871882
011872068
011872655
011875500
011875883
011904544
011904591
011904929
011905393
011907454
011908414
011908744
011909754
011909902
011910010
011910249
011912716
011913071
011913095
011913313
011913350
011913802
011917550
011917719
011918016
011918397
011918583
011918765
011918855
011919145
011919829
011920505
011920678
011922782
011924179
011924496
011924514
011925474
011925709
011953267
011953581
011953668
011953849
011954278
011954316
011954989
011955184
011955410
011957627
011958844
011959569
011960470
011960922
011961034
011961541
011961695
011962187
011962845
011966557
011967004
011967491
011968505
011968513
011968514
011968730
011969378
011969635
011969879
011971123
011971166
011971190
011971335
011971405
011971890
011971940
011972294
011972798
011973915
011973943
011973944
011974090
011975146
012003253
012004679
012004995
012006471
012006637
012007085
012007247
012007558
012008680
012008797
012009337
012010004
012010193
012010534
012010862
012011705
012012052
012012082
012012725
012012876
012013435
012013550
012013615
012016555
012017139
012017894
012017934
012017985
012018834
012018969
012020797
012021620
012021844
012022038
012022376
012022938
012023811
012023817
012023924
012024065
012024612
012052691
012053188
012055136
012055552
012056767
012056993
012058075
012058428
012060058
012060088
012061741
012061895
012062339
012062574
012066068
012066947
012067016
012067886
012069424
012069449
012069477
012070114
012070550
012070650
012071006
012071153
012071521
012072958
012101990
012102187
012102479
012102573
012102923
012104142
012104691
012105259
012105278
012105679
012105944
012108732
012109388
012109430
012109442
012109550
012109888
012110266
012110800
012110919
012116523
012116830
012117099
012117309
012117689
012118099
012118434
012118682
012118820
012118871
012118993
012119534
012119865
012119968
012120144
012120327
012120938
012121207
012121435
012121936
012122064
012122161
012152850
012153021
012153346
012153742
012154657
012155015
012155236
012155405
012155851
012156542
012156769
012157006
012157223
012157366
012157465
012157631
012158327
012158574
012158667
012159679
012164475
012164751
012166457
012166946
012167521
012168835
012169845
012170154
012202431
012203455
012203662
012204391
012204508
012204642
012206268
012206414
012206828
012207440
012208273
012208809
012208934
012214100
012214141
012214142
012214454
012215566
012215592
012215872
012215988
012217239
012217300
012217324
012217469
012218433
012219032
012219282
012252278
012253106
012253350
012254817
012254968
012255028
012256693
012257026
012257460
012264089
012265168
012266492
012267287
012268191
012268220
012268448
012268739
012269113
012300975
012301048
012302104
012302516
012302890
012303838
012303977
012304029
012304485
012305574
012306695
012306763
012307229
012307551
012314910
012314927
012316100
012316494
012316759
012350093
012350399
012351556
012351602
012352228
012352536
012356292
012356839
012365000
012365806
012366537
012366740
012366757
012366999
012367318
012367827
012368004
012400729
012401103
012401269
012401315
012401800
012401903
012403961
012403985
012404445
012406029
012406610
012406908
012417370
012418184
012418504
012418515
012418662
012418816
012418840
012418959
012453672
012454201
012454554
012454560
012455116
012455117
012455357
012455504
012456693
012457780
012458189
012458419
012459622
012459729
012470041
012470319
012470355
012470445
012471214
012505459
012506130
012506245
012506290
012506351
012506463
012506577
012506810
012507291
012507415
012509886
012520159
012552766
012553408
012554427
012555458
012555589
012555902
012555916
012556202
012556503
012598914
012599700
012599878
012600259
012600471
012600652
012600855
012601040
012602250
012602404
012602421
012603035
012643786
012644458
012644579
012644769
012645107
012645202
012645224
012646386
012647227
012647352
012647649
012689656
012689856
012690208
012690461
012690711
012691122
012691710
012735106
012736410
012736892
012783196
012783511
012784683
012784998
012785083
012785401
012833300
012884274
012884661
012984404
